pop	chromosome	window_pos_1	window_pos_2	avg_pi	no_sites	count_diffs	count_comparisons	count_missing
SK	16	1	20000	NA	0	NA	NA	NA
SK	16	20001	40000	NA	0	NA	NA	NA
SK	16	40001	60000	NA	0	NA	NA	NA
SK	16	60001	80000	NA	0	NA	NA	NA
SK	16	80001	100000	NA	0	NA	NA	NA
SK	16	100001	120000	NA	0	NA	NA	NA
SK	16	120001	140000	NA	0	NA	NA	NA
SK	16	140001	160000	NA	0	NA	NA	NA
SK	16	160001	180000	NA	0	NA	NA	NA
SK	16	180001	200000	NA	0	NA	NA	NA
SK	16	200001	220000	NA	0	NA	NA	NA
SK	16	220001	240000	NA	0	NA	NA	NA
SK	16	240001	260000	NA	0	NA	NA	NA
SK	16	260001	280000	NA	0	NA	NA	NA
SK	16	280001	300000	NA	0	NA	NA	NA
SK	16	300001	320000	NA	0	NA	NA	NA
SK	16	320001	340000	NA	0	NA	NA	NA
SK	16	340001	360000	NA	0	NA	NA	NA
SK	16	360001	380000	NA	0	NA	NA	NA
SK	16	380001	400000	NA	0	NA	NA	NA
SK	16	400001	420000	NA	0	NA	NA	NA
SK	16	420001	440000	NA	0	NA	NA	NA
SK	16	440001	460000	NA	0	NA	NA	NA
SK	16	460001	480000	NA	0	NA	NA	NA
SK	16	480001	500000	NA	0	NA	NA	NA
SK	16	500001	520000	0.009976676903340202	2987	29956	3002603	2068
SK	16	520001	540000	0.006715310922182471	3021	20227	3012072	2630
SK	16	540001	560000	0.007647064041943525	335	2586	338169	208
SK	16	560001	580000	0.016677008870154046	604	10132	607543	426
SK	16	580001	600000	0.01610984065365671	665	10574	656369	764
SK	16	600001	620000	0.0028239584530663853	1529	4324	1531184	1174
SK	16	620001	640000	0.006531654609575971	4181	27694	4239967	1984
SK	16	640001	660000	0.006758234190793836	2783	19039	2817156	1442
SK	16	660001	680000	0.007174831872410419	249	1723	240145	404
SK	16	680001	700000	0.008806154434093496	2205	19264	2187561	2156
SK	16	700001	720000	0.014552225387679757	1559	21852	1501626	2558
SK	16	720001	740000	0.015089821595371903	591	8772	581319	684
SK	16	740001	760000	NA	0	NA	NA	NA
SK	16	760001	780000	0.0077194604430378235	10366	80524	10431299	6710
SK	16	780001	800000	0.014587965756800412	4994	71747	4918232	5700
SK	16	800001	820000	0.00902846981459712	162	1513	167581	2
SK	16	820001	840000	0.010706101735798643	218	2308	215578	232
SK	16	840001	860000	0.014231435595338697	3401	48940	3438866	1858
SK	16	860001	880000	0.010852483266067109	6914	76183	7019868	3100
SK	16	880001	900000	0.018624074102753067	4444	81776	4390876	4808
SK	16	900001	920000	0.0140849389581201	6008	85430	6065344	3512
SK	16	920001	940000	0.011514774137110185	1707	19639	1705548	1394
SK	16	940001	960000	0.014940796821870678	4800	72435	4848135	2754
SK	16	960001	980000	0.013678204664863209	4401	59912	4380107	3992
SK	16	980001	1000000	0.010709718458538109	2289	24278	2266913	2332
SK	16	1000001	1020000	0.01111887565267382	9232	104266	9377387	4074
SK	16	1020001	1040000	NA	0	NA	NA	NA
SK	16	1040001	1060000	0.011038378744892195	2970	32608	2954057	2746
SK	16	1060001	1080000	0.012765388050339638	6757	86433	6770887	5040
SK	16	1080001	1100000	0.012903388636813416	4966	64418	4992332	3364
SK	16	1100001	1120000	0.012977052458821373	6631	86614	6674397	4312
SK	16	1120001	1140000	0.008617769980559638	5310	45801	5314716	4148
SK	16	1140001	1160000	0.013799567199656032	4054	54433	3944544	5772
SK	16	1160001	1180000	0.017003092688903272	4008	68558	4032090	2660
SK	16	1180001	1200000	0.008314012151446915	6582	54803	6591643	5046
SK	16	1200001	1220000	0.012980526439388532	1434	18738	1443547	942
SK	16	1220001	1240000	0.011355755543028177	3262	36400	3205423	3918
SK	16	1240001	1260000	0.01162799763876028	10101	113343	9747422	16042
SK	16	1260001	1280000	0.013005008197153507	8167	107043	8230906	5062
SK	16	1280001	1300000	0.010609979809239195	2351	24824	2339684	2162
SK	16	1300001	1320000	0.013574892470692893	4913	66502	4898897	4252
SK	16	1320001	1340000	0.008839288186011863	3934	35123	3973510	2224
SK	16	1340001	1360000	0.00739818381399323	14866	113113	15289293	2202
SK	16	1360001	1380000	0.012825891121499759	5249	67629	5272850	3682
SK	16	1380001	1400000	0.017419851191638743	4139	71799	4121677	3736
SK	16	1400001	1420000	0.011710274409700063	62	734	62680	36
SK	16	1420001	1440000	0.013821309599718723	2674	37109	2684912	1892
SK	16	1440001	1460000	0.01122628004822024	11245	127572	11363693	6236
SK	16	1460001	1480000	0.013985701645927152	4290	59181	4231536	4812
SK	16	1480001	1500000	0.011539476114389343	4864	56606	4905422	2940
SK	16	1500001	1520000	0.010948219849298951	5451	60525	5528296	2586
SK	16	1520001	1540000	0.009336658917732143	7531	69402	7433280	8274
SK	16	1540001	1560000	0.0166479291293291	4149	68102	4090719	4680
SK	16	1560001	1580000	0.016337104935306938	5874	95177	5825818	5792
SK	16	1580001	1600000	0.012367776910372885	1913	23859	1929126	1170
SK	16	1600001	1620000	0.015770112474747827	3798	60819	3856599	1702
SK	16	1620001	1640000	0.009276127174869735	2969	27033	2914255	3616
SK	16	1640001	1660000	0.011069976253728672	5029	55904	5050056	3574
SK	16	1660001	1680000	0.008812921988904975	6221	55030	6244240	4414
SK	16	1680001	1700000	0.011048572371733529	4212	46389	4198642	3684
SK	16	1700001	1720000	0.007721230981633054	12513	98139	12710279	5480
SK	16	1720001	1740000	0.004229257619334719	7579	31889	7540094	6862
SK	16	1740001	1760000	0.008670174894919868	12379	110512	12746225	1496
SK	16	1760001	1780000	0.006832877199678283	18248	128758	18843892	968
SK	16	1780001	1800000	0.004987248819481122	9894	50611	10148080	2124
SK	16	1800001	1820000	0.006408758300560893	2048	12724	1985408	3144
SK	16	1820001	1840000	0.0036586583911047093	5781	20806	5686784	6806
SK	16	1840001	1860000	0.0067734337893724725	16115	112263	16574016	2410
SK	16	1860001	1880000	0.009797763454583804	3780	38138	3892521	446
SK	16	1880001	1900000	0.1657754010695187	3	279	1683	36
SK	16	1900001	1920000	0.01960307968306174	64	1049	53512	296
SK	16	1920001	1940000	0.006879398846377732	114	780	113382	104
SK	16	1940001	1960000	NA	0	NA	NA	NA
SK	16	1960001	1980000	0.018056400892676003	273	4806	266166	386
SK	16	1980001	2000000	NA	0	NA	NA	NA
SK	16	2000001	2020000	0.02207848457633488	1697	34663	1569990	4298
SK	16	2020001	2040000	0.09666430720226507	32	2185	22604	256
SK	16	2040001	2060000	0.01958188660806157	916	16671	851348	2240
SK	16	2060001	2080000	0.017457237744937428	1080	18382	1052973	1470
SK	16	2080001	2100000	0.023843546792729424	1239	28366	1189672	2138
SK	16	2100001	2120000	0.015128997561244147	2669	37513	2479543	6536
SK	16	2120001	2140000	0.020961871750433275	880	16933	807800	2400
SK	16	2140001	2160000	0.00926807700156452	243	2180	235216	378
SK	16	2160001	2180000	0.006895529425211813	582	3861	559928	996
SK	16	2180001	2200000	0.0048754454836550465	112	539	110554	124
SK	16	2200001	2220000	0.0032287653641533665	79	264	81765	0
SK	16	2220001	2240000	0.009827533595523128	760	7504	763569	550
SK	16	2240001	2260000	0.008663159194424628	2880	25259	2915680	1520
SK	16	2260001	2280000	0.010510985930320751	1251	13179	1253831	940
SK	16	2280001	2300000	0.03869015431970384	557	18603	480820	2206
SK	16	2300001	2320000	0.0396892168773005	638	21889	551510	2560
SK	16	2320001	2340000	NA	0	NA	NA	NA
SK	16	2340001	2360000	0.003348870001175042	509	1710	510620	366
SK	16	2360001	2380000	NA	0	NA	NA	NA
SK	16	2380001	2400000	0.04013197558699405	1315	48593	1210830	3510
SK	16	2400001	2420000	0.02574350436608229	2056	46203	1794744	7712
SK	16	2420001	2440000	0.019062807981642192	1481	26093	1368791	3776
SK	16	2440001	2460000	0.0031427157322402267	3998	12782	4067183	1598
SK	16	2460001	2480000	0.0050782055675570315	5537	28733	5658101	1644
SK	16	2480001	2500000	0.008469437377607424	9839	85478	10092524	2050
SK	16	2500001	2520000	0.0053547850242348025	18239	100458	18760417	2640
SK	16	2520001	2540000	0.005579406469118827	17877	102614	18391562	2506
SK	16	2540001	2560000	0.008272451096289537	15149	129361	15637566	938
SK	16	2560001	2580000	0.007697285219536966	10357	81686	10612313	2452
SK	16	2580001	2600000	0.008748514091082116	12613	112226	12828007	5128
SK	16	2600001	2620000	0.01023680479583268	11227	116357	11366535	5764
SK	16	2620001	2640000	0.005035948734337302	8541	43981	8733409	2404
SK	16	2640001	2660000	0.0030424265685566306	10707	33277	10937651	3260
SK	16	2660001	2680000	0.0024326831870578893	12495	30945	12720522	4790
SK	16	2680001	2700000	0.0059971980670235825	3861	22825	3805944	4390
SK	16	2700001	2720000	0.004318183952445197	663	2759	638926	1086
SK	16	2720001	2740000	0.00911605916617993	2493	23099	2533880	1078
SK	16	2740001	2760000	0.011899136945583816	4597	54472	4577811	4104
SK	16	2760001	2780000	0.015214316352506247	927	13585	892909	1544
SK	16	2780001	2800000	0.00740564710903324	413	3054	412388	342
SK	16	2800001	2820000	0.012631131755507856	854	10763	852101	770
SK	16	2820001	2840000	0.014957802290745219	1176	17190	1149233	1630
SK	16	2840001	2860000	0.004692887243008557	98	441	93972	172
